154.873953 55.000000
154.850000 54.982163
154.808849 54.950000
154.800000 54.943080
154.750000 54.902835
154.746547 54.900000
154.700000 54.862440
154.684637 54.850000
154.650000 54.822639
154.621057 54.800000
154.600000 54.783988
154.554375 54.750000
154.550000 54.746831
154.500000 54.711401
154.483411 54.700000
154.450000 54.677601
154.407305 54.650000
154.400000 54.645364
154.350000 54.614528
154.325595 54.600000
154.300000 54.584897
154.250000 54.556325
154.238637 54.550000
154.200000 54.528444
154.150000 54.501334
154.147499 54.500000
154.100000 54.474332
154.054080 54.450000
154.050000 54.447794
154.000000 54.420907
153.960806 54.400000
153.950000 54.394069
153.900000 54.366567
153.869984 54.350000
153.850000 54.338588
153.800000 54.309755
153.783314 54.300000
153.750000 54.279782
153.701695 54.250000
153.700000 54.248914
153.650000 54.216147
153.625909 54.200000
153.600000 54.181959
153.555237 54.150000
153.550000 54.146120
153.500000 54.107997
153.489819 54.100000
153.450000 54.067626
153.428972 54.050000
153.400000 54.024931
153.372084 54.000000
153.350000 53.979703
153.318707 53.950000
153.300000 53.931788
153.268389 53.900000
153.250000 53.881105
153.220684 53.850000
153.200000 53.827666
153.175168 53.800000
153.150000 53.771585
153.131445 53.750000
153.100000 53.713094
153.089153 53.700000
153.050000 53.652531
153.047965 53.650000
153.007846 53.600000
153.000000 53.590251
152.968323 53.550000
152.950000 53.526901
152.929069 53.500000
152.900000 53.463090
152.889855 53.450000
152.850475 53.400000
152.850000 53.399406
152.810943 53.350000
152.800000 53.336459
152.770769 53.300000
152.750000 53.274742
152.729752 53.250000
152.700000 53.214648
152.687694 53.200000
152.650000 53.156462
152.644400 53.150000
152.600000 53.100353
152.599684 53.100000
152.553430 53.050000
152.550000 53.046409
152.505413 53.000000
152.500000 52.994542
152.455525 52.950000
152.450000 52.944633
152.403714 52.900000
152.400000 52.896521
152.350000 52.850012
152.349987 52.850000
152.300000 52.804909
152.294534 52.800000
152.250000 52.760972
152.237445 52.750000
152.200000 52.717991
152.178934 52.700000
152.150000 52.675772
152.119257 52.650000
152.100000 52.634138
152.058683 52.600000
152.050000 52.592937
152.000000 52.552022
151.997557 52.550000
151.950000 52.511219
151.936363 52.500000
151.900000 52.470503
151.874956 52.450000
151.850000 52.429833
151.813406 52.400000
151.800000 52.389202
151.751708 52.350000
151.750000 52.348629
151.700000 52.307990
151.690239 52.300000
151.650000 52.267443
151.628509 52.250000
151.600000 52.227095
151.566275 52.200000
151.550000 52.187034
151.503351 52.150000
151.500000 52.147357
151.450000 52.107881
151.439953 52.100000
151.400000 52.068797
151.375636 52.050000
151.350000 52.030251
151.310137 52.000000
151.300000 51.992295
151.250000 51.954751
151.243603 51.950000
151.200000 51.917445
151.176167 51.900000
151.150000 51.880681
151.107597 51.850000
151.100000 51.844439
151.050000 51.808252
151.038433 51.800000
151.000000 51.772167
150.968812 51.750000
150.950000 51.736398
150.900000 51.700842
150.898810 51.700000
150.850000 51.664770
150.829204 51.650000
150.800000 51.628837
150.759595 51.600000
150.750000 51.593011
150.700000 51.556901
150.690357 51.550000
150.650000 51.520521
150.621470 51.500000
150.600000 51.484245
150.552598 51.450000
150.550000 51.448086
150.500000 51.411458
150.484124 51.400000
150.450000 51.374883
150.415640 51.350000
150.400000 51.338450
150.350000 51.302029
150.347197 51.300000
150.300000 51.265117
150.279255 51.250000
150.250000 51.228223
150.211617 51.200000
150.200000 51.191267
150.150000 51.153954
150.144682 51.150000
150.100000 51.115975
150.078852 51.100000
150.050000 51.077665
150.014026 51.050000
150.000000 51.038941
149.950333 51.000000
149.950000 50.999732
149.900000 50.959511
149.888101 50.950000
149.850000 50.918775
149.826924 50.900000
149.800000 50.877561
149.766644 50.850000
149.750000 50.835930
149.707049 50.800000
149.700000 50.793977
149.650000 50.751747
149.647906 50.750000
149.600000 50.709232
149.588954 50.700000
149.550000 50.666849
149.529791 50.650000
149.500000 50.624749
149.470127 50.600000
149.450000 50.583070
149.409697 50.550000
149.400000 50.541930
149.350000 50.501374
149.348263 50.500000
149.300000 50.461249
149.285568 50.450000
149.250000 50.421865
149.221514 50.400000
149.200000 50.383236
149.156048 50.350000
149.150000 50.345355
149.100000 50.307971
149.089023 50.300000
149.050000 50.271156
149.020511 50.250000
149.000000 50.235011
148.950684 50.200000
148.950000 50.199505
148.900000 50.164219
148.879264 50.150000
148.850000 50.129512
148.806655 50.100000
148.800000 50.095374
148.750000 50.061494
148.732574 50.050000
148.700000 50.028056
148.657231 50.000000
148.650000 49.995160
148.600000 49.962507
148.580365 49.950000
148.550000 49.930285
148.502218 49.900000
148.500000 49.898570
148.450000 49.867014
148.422465 49.850000
148.400000 49.835910
148.350000 49.805138
148.341513 49.800000
148.300000 49.774558
148.259311 49.750000
148.250000 49.744328
148.200000 49.714242
148.176068 49.700000
148.150000 49.684389
148.100000 49.654733
148.091960 49.650000
148.050000 49.625217
148.006968 49.600000
148.000000 49.595914
147.950000 49.566774
147.921012 49.550000
147.900000 49.537862
147.850000 49.509184
147.833867 49.500000
147.800000 49.480785
147.750000 49.452689
147.745170 49.450000
147.700000 49.424954
147.654415 49.400000
147.650000 49.397593
147.600000 49.370668
147.560997 49.350000
147.550000 49.344191
147.500000 49.318208
147.464267 49.300000
147.450000 49.292741
147.400000 49.267819
147.363394 49.250000
147.350000 49.243474
147.300000 49.219719
147.257314 49.200000
147.250000 49.196609
147.200000 49.174121
147.150000 49.152353
147.144392 49.150000
147.100000 49.131244
147.050000 49.110897
147.022095 49.100000
147.000000 49.091298
146.950000 49.072452
146.900000 49.054432
146.887079 49.050000
146.850000 49.037168
146.800000 49.020710
146.750000 49.005071
146.732876 49.000000
146.700000 48.990194
146.650000 48.976085
146.600000 48.962738
146.550000 48.950124
146.549478 48.950000
146.500000 48.938197
146.450000 48.926952
146.400000 48.916358
146.350000 48.906392
146.315877 48.900000
146.300000 48.897033
146.250000 48.888266
146.200000 48.880065
146.150000 48.872414
146.100000 48.865298
146.050000 48.858703
146.000000 48.852612
145.976718 48.850000
145.950000 48.847012
145.900000 48.841872
145.850000 48.837161
145.800000 48.832842
145.750000 48.828875
145.700000 48.825209
145.650000 48.821786
145.600000 48.818537
145.550000 48.815386
145.500000 48.812251
145.450000 48.809041
145.400000 48.805660
145.350000 48.802012
145.324939 48.800000
145.300000 48.797969
145.250000 48.793419
145.200000 48.788289
145.150000 48.782489
145.100000 48.775939
145.050000 48.768571
145.000000 48.760330
144.950000 48.751180
144.944146 48.750000
144.900000 48.740911
144.850000 48.729662
144.800000 48.717483
144.750000 48.704424
144.734061 48.700000
144.700000 48.690350
144.650000 48.675456
144.600000 48.659960
144.568827 48.650000
144.550000 48.643880
144.500000 48.627296
144.450000 48.610585
144.418314 48.600000
144.400000 48.593806
144.350000 48.577073
144.300000 48.560735
144.266113 48.550000
144.250000 48.544858
144.200000 48.529515
144.150000 48.514954
144.100000 48.501236
144.095210 48.500000
144.050000 48.488297
144.000000 48.476271
143.950000 48.465154
143.900000 48.454911
143.873980 48.450000
143.850000 48.445471
143.800000 48.436785
143.750000 48.428809
143.700000 48.421470
143.650000 48.414692
143.600000 48.408405
143.550000 48.402540
143.526924 48.400000
143.500000 48.397033
143.450000 48.391831
143.400000 48.386881
143.350000 48.382137
143.300000 48.377553
143.250000 48.373086
143.200000 48.368695
143.150000 48.364341
143.100000 48.359984
143.050000 48.355584
143.000000 48.351101
142.988008 48.350000
142.950000 48.346498
142.900000 48.341734
142.850000 48.336765
142.800000 48.331553
142.750000 48.326057
142.700000 48.320239
142.650000 48.314065
142.600000 48.307499
142.550000 48.300511
142.546538 48.300000
142.500000 48.293093
142.450000 48.285207
142.400000 48.276836
142.350000 48.267966
142.300000 48.258589
142.256505 48.250000
142.250000 48.248709
142.200000 48.238360
142.150000 48.227526
142.100000 48.216221
142.050000 48.204470
142.031522 48.200000
142.000000 48.192346
141.950000 48.179875
141.900000 48.167078
141.850000 48.154003
141.834855 48.150000
141.800000 48.140771
141.750000 48.127412
141.700000 48.113961
141.650000 48.100484
141.648184 48.100000
141.600000 48.087165
141.550000 48.073971
141.500000 48.060967
141.456927 48.050000
141.450000 48.048241
141.400000 48.035957
141.350000 48.024069
141.300000 48.012638
141.250000 48.001723
141.241631 48.000000
141.200000 47.991479
141.150000 47.981869
141.100000 47.972910
141.050000 47.964637
141.000000 47.957077
140.950000 47.950250
140.947933 47.950000
140.900000 47.944246
140.850000 47.938987
140.800000 47.934467
140.750000 47.930677
140.700000 47.927600
140.650000 47.925213
140.600000 47.923486
140.550000 47.922383
140.500000 47.921862
140.450000 47.921877
140.400000 47.922376
140.350000 47.923302
140.300000 47.924596
140.250000 47.926194
140.200000 47.928032
140.150000 47.930041
140.100000 47.932153
140.050000 47.934298
140.000000 47.936408
139.950000 47.938414
139.900000 47.940247
139.850000 47.941842
139.800000 47.943136
139.750000 47.944067
139.700000 47.944579
139.650000 47.944617
139.600000 47.944133
139.550000 47.943080
139.500000 47.941419
139.450000 47.939116
139.400000 47.936140
139.350000 47.932468
139.300000 47.928083
139.250000 47.922973
139.200000 47.917132
139.162110 47.912110
