157.776131 55.000000
157.750000 54.981307
157.704882 54.950000
157.700000 54.946587
157.650000 54.912340
157.631513 54.900000
157.600000 54.878665
157.556608 54.850000
157.550000 54.845552
157.500000 54.812400
157.480956 54.800000
157.450000 54.779335
157.405313 54.750000
157.400000 54.746411
157.350000 54.712963
157.330363 54.700000
157.300000 54.679274
157.256567 54.650000
157.250000 54.645413
157.200000 54.610840
157.184118 54.600000
157.150000 54.575810
157.113074 54.550000
157.100000 54.540504
157.050000 54.504723
157.043286 54.500000
157.000000 54.468341
156.974438 54.450000
156.950000 54.431790
156.906457 54.400000
156.900000 54.395112
156.850000 54.358066
156.838860 54.350000
156.800000 54.320858
156.771535 54.300000
156.750000 54.283687
156.704508 54.250000
156.700000 54.246556
156.650000 54.209208
156.637402 54.200000
156.600000 54.171815
156.570489 54.150000
156.550000 54.134409
156.504015 54.100000
156.500000 54.096911
156.450000 54.059055
156.437880 54.050000
156.400000 54.020890
156.372545 54.000000
156.350000 53.982361
156.308334 53.950000
156.300000 53.943345
156.250000 53.903659
156.245363 53.900000
156.200000 53.863155
156.183767 53.850000
156.150000 53.821825
156.123810 53.800000
156.100000 53.779565
156.065523 53.750000
156.050000 53.736291
156.008869 53.700000
156.000000 53.691944
155.953746 53.650000
155.950000 53.646507
155.900000 53.600007
155.899993 53.600000
155.850000 53.552505
155.847348 53.550000
155.800000 53.504186
155.795641 53.500000
155.750000 53.455237
155.744610 53.450000
155.700000 53.405885
155.693985 53.400000
155.650000 53.356369
155.643501 53.350000
155.600000 53.306923
155.592919 53.300000
155.550000 53.257747
155.542028 53.250000
155.500000 53.208992
155.490669 53.200000
155.450000 53.160749
155.438736 53.150000
155.400000 53.113049
155.386186 53.100000
155.350000 53.065871
155.333041 53.050000
155.300000 53.019150
155.279376 53.000000
155.250000 52.972791
155.225314 52.950000
155.200000 52.926681
155.171008 52.900000
155.150000 52.880699
155.116620 52.850000
155.100000 52.834727
155.062310 52.800000
155.050000 52.788656
155.008210 52.750000
155.000000 52.742395
154.954422 52.700000
154.950000 52.695878
154.900996 52.650000
154.900000 52.649065
154.850000 52.601971
154.847912 52.600000
154.800000 52.554624
154.795121 52.550000
154.750000 52.507101
154.742521 52.500000
154.700000 52.459529
154.689950 52.450000
154.650000 52.412076
154.637198 52.400000
154.600000 52.364935
154.584015 52.350000
154.550000 52.318313
154.530117 52.300000
154.500000 52.272413
154.475198 52.250000
154.450000 52.227415
154.418942 52.200000
154.400000 52.183461
154.361039 52.150000
154.350000 52.140645
154.301205 52.100000
154.300000 52.099012
154.250000 52.058743
154.238966 52.050000
154.200000 52.019670
154.174346 52.000000
154.150000 51.981684
154.107314 51.950000
154.100000 51.944676
154.050000 51.908720
154.037759 51.900000
154.000000 51.873624
153.965970 51.850000
153.950000 51.839122
153.900000 51.805191
153.892336 51.800000
153.850000 51.771819
153.817298 51.750000
153.800000 51.738638
153.750000 51.705639
153.741504 51.700000
153.700000 51.672800
153.665564 51.650000
153.650000 51.639801
153.600000 51.606660
153.590067 51.600000
153.550000 51.573317
153.515523 51.550000
153.500000 51.539548
153.450000 51.505361
153.442265 51.500000
153.400000 51.470742
153.370532 51.450000
153.350000 51.435541
153.300346 51.400000
153.300000 51.399752
153.250000 51.363487
153.231662 51.350000
153.200000 51.326651
153.164308 51.300000
153.150000 51.289287
153.100000 51.251469
153.098070 51.250000
153.050000 51.213351
153.032613 51.200000
153.000000 51.174928
152.967744 51.150000
152.950000 51.136286
152.903222 51.100000
152.900000 51.097503
152.850000 51.058754
152.838717 51.050000
152.800000 51.020035
152.774141 51.000000
152.750000 50.981358
152.709419 50.950000
152.700000 50.942751
152.650000 50.904286
152.644424 50.900000
152.600000 50.866017
152.579085 50.850000
152.550000 50.827841
152.513502 50.800000
152.500000 50.789756
152.450000 50.751787
152.447645 50.750000
152.400000 50.714060
152.381388 50.700000
152.350000 50.676432
152.314831 50.650000
152.300000 50.638920
152.250000 50.601567
152.247899 50.600000
152.200000 50.564511
152.180406 50.550000
152.150000 50.527623
152.112416 50.500000
152.100000 50.490928
152.050000 50.454493
152.043815 50.450000
152.000000 50.418356
151.974519 50.400000
151.950000 50.382424
151.904630 50.350000
151.900000 50.346704
151.850000 50.311245
151.834099 50.300000
151.800000 50.275954
151.763107 50.250000
151.750000 50.240791
151.700000 50.205741
151.691799 50.200000
151.650000 50.170740
151.620364 50.150000
151.600000 50.135727
151.550000 50.100668
151.549048 50.100000
151.500000 50.065483
151.478045 50.050000
151.450000 50.030144
151.407535 50.000000
151.400000 49.994625
151.350000 49.958867
151.337643 49.950000
151.300000 49.922852
151.268421 49.900000
151.250000 49.886598
151.200000 49.850107
151.199854 49.850000
151.150000 49.813313
151.131965 49.800000
151.100000 49.776284
151.064670 49.750000
151.050000 49.739027
151.000000 49.701534
150.997960 49.700000
150.950000 49.663727
150.931909 49.650000
150.900000 49.625640
150.866540 49.600000
150.850000 49.587236
150.801969 49.550000
150.800000 49.548461
150.750000 49.509156
150.738430 49.500000
150.700000 49.469298
150.676033 49.450000
150.650000 49.428814
150.614915 49.400000
150.600000 49.387609
150.555186 49.350000
150.550000 49.345595
150.500000 49.302658
150.496938 49.300000
150.450000 49.258734
150.440178 49.250000
150.400000 49.213840
150.384790 49.200000
150.350000 49.167985
150.330655 49.150000
150.300000 49.121213
150.277609 49.100000
150.250000 49.073617
150.225455 49.050000
150.200000 49.025334
150.173973 49.000000
150.150000 48.976539
150.122925 48.950000
150.100000 48.927444
150.072058 48.900000
150.050000 48.878285
150.021109 48.850000
150.000000 48.829314
149.969797 48.800000
149.950000 48.780788
149.917826 48.750000
149.900000 48.732961
149.864871 48.700000
149.850000 48.686073
149.810582 48.650000
149.800000 48.640340
149.754574 48.600000
149.750000 48.595951
149.700000 48.553031
149.696352 48.550000
149.650000 48.511662
149.635369 48.500000
149.600000 48.471934
149.571248 48.450000
149.550000 48.433866
149.503541 48.400000
149.500000 48.397431
149.450000 48.362472
149.431445 48.350000
149.400000 48.328965
149.354970 48.300000
149.350000 48.296819
149.300000 48.265790
149.273696 48.250000
149.250000 48.235841
149.200000 48.206811
149.187999 48.200000
149.150000 48.178531
149.100000 48.150966
149.098224 48.150000
149.050000 48.123892
149.005032 48.100000
149.000000 48.097341
148.950000 48.071126
148.909198 48.050000
148.900000 48.045269
148.850000 48.019639
148.811394 48.000000
148.800000 47.994247
148.750000 47.969005
148.712213 47.950000
148.700000 47.943911
148.650000 47.918909
148.612161 47.900000
148.600000 47.893982
148.550000 47.869105
148.511672 47.850000
148.500000 47.844244
148.450000 47.819404
148.411089 47.800000
148.400000 47.794532
148.350000 47.769667
148.310644 47.750000
148.300000 47.744742
148.250000 47.719826
148.210413 47.700000
148.200000 47.694844
148.150000 47.669892
148.110309 47.650000
148.100000 47.644891
148.050000 47.619960
148.010066 47.600000
148.000000 47.595023
147.950000 47.570214
147.909249 47.550000
147.900000 47.545460
147.850000 47.520913
147.807246 47.500000
147.800000 47.496492
147.750000 47.472373
147.703274 47.450000
147.700000 47.448449
147.650000 47.424933
147.600000 47.401678
147.596353 47.400000
147.550000 47.378912
147.500000 47.356487
147.485323 47.350000
147.450000 47.334569
147.400000 47.313083
147.369014 47.300000
147.350000 47.292070
147.300000 47.271586
147.250000 47.251499
147.246195 47.250000
147.200000 47.232016
147.150000 47.212940
147.115382 47.200000
147.100000 47.194317
147.050000 47.176213
147.000000 47.158470
146.975639 47.150000
146.950000 47.141175
146.900000 47.124299
146.850000 47.107733
146.826225 47.100000
146.800000 47.091541
146.750000 47.075689
146.700000 47.060073
146.667279 47.050000
146.650000 47.044716
146.600000 47.029633
146.550000 47.014705
146.500311 47.000000
146.500000 46.999909
146.450000 46.985335
146.400000 46.970850
146.350000 46.956436
146.327549 46.950000
146.300000 46.942133
146.250000 46.927927
146.200000 46.913776
146.151106 46.900000
146.150000 46.899689
146.100000 46.885735
146.050000 46.871873
146.000000 46.858128
145.970089 46.850000
145.950000 46.844536
145.900000 46.831122
145.850000 46.817912
145.800000 46.804937
145.780570 46.800000
145.750000 46.792199
145.700000 46.779721
145.650000 46.767530
145.600000 46.755631
145.575761 46.750000
145.550000 46.743972
145.500000 46.732531
145.450000 46.721316
145.400000 46.710285
145.352813 46.700000
145.350000 46.699381
145.300000 46.688457
145.250000 46.677552
145.200000 46.666612
145.150000 46.655584
145.124970 46.650000
145.100000 46.644367
145.050000 46.632929
145.000000 46.621310
144.950000 46.609500
144.910367 46.600000
144.900000 46.597485
144.850000 46.585220
144.800000 46.572834
144.750000 46.560366
144.708512 46.550000
144.700000 46.547847
144.650000 46.535266
144.600000 46.522760
144.550000 46.510376
144.507523 46.500000
144.500000 46.498139
144.450000 46.486020
144.400000 46.474120
144.350000 46.462450
144.300000 46.451014
144.295450 46.450000
144.250000 46.439726
144.200000 46.428650
144.150000 46.417783
144.100000 46.407110
144.066039 46.400000
144.050000 46.396588
144.000000 46.386168
143.950000 46.375909
143.900000 46.365804
143.850000 46.355850
143.820107 46.350000
143.800000 46.345999
143.750000 46.336226
143.700000 46.326589
143.650000 46.317082
143.600000 46.307692
143.558563 46.300000
143.550000 46.298386
143.500000 46.289071
143.450000 46.279818
143.400000 46.270602
143.350000 46.261396
143.300000 46.252175
143.288254 46.250000
143.250000 46.242825
143.200000 46.233382
143.150000 46.223848
143.100000 46.214204
143.050000 46.204431
143.027666 46.200000
143.000000 46.194451
142.950000 46.184266
142.900000 46.173922
142.850000 46.163414
142.800000 46.152745
142.787350 46.150000
142.750000 46.141823
142.700000 46.130715
142.650000 46.119464
142.600000 46.108082
142.564899 46.100000
142.550000 46.096543
142.500000 46.084810
142.450000 46.072993
142.400000 46.061114
142.353405 46.050000
142.350000 46.049183
142.300000 46.037100
142.250000 46.025018
142.200000 46.012960
142.150000 46.000946
142.146064 46.000000
142.100000 45.988865
142.050000 45.976859
142.000000 45.964960
141.950000 45.953185
141.936372 45.950000
141.900000 45.941444
141.850000 45.929820
141.800000 45.918365
141.750000 45.907092
141.718074 45.900000
141.700000 45.895956
141.650000 45.884924
141.600000 45.874096
141.550000 45.863476
141.500000 45.853065
141.485037 45.850000
141.450000 45.842760
141.400000 45.832619
141.350000 45.822679
141.300000 45.812935
141.250000 45.803379
141.232032 45.800000
141.200000 45.793912
141.150000 45.784563
141.100000 45.775371
141.050000 45.766321
141.000000 45.757399
140.958030 45.750000
140.950000 45.748567
140.900000 45.739720
140.850000 45.730953
140.800000 45.722249
140.750000 45.713590
140.700000 45.704957
140.671286 45.700000
140.650000 45.696277
140.600000 45.687513
140.550000 45.678725
140.500000 45.669895
140.450000 45.661006
140.400000 45.652043
140.388725 45.650000
140.350000 45.642890
140.300000 45.633609
140.250000 45.624217
140.200000 45.614704
140.150000 45.605061
140.124137 45.600000
140.100000 45.595218
140.050000 45.585165
140.000000 45.574971
139.950000 45.564634
139.900000 45.554155
139.880458 45.550000
139.850000 45.543452
139.800000 45.532563
139.750000 45.521549
139.700000 45.510418
139.653665 45.500000
139.650000 45.499167
139.600000 45.487689
139.550000 45.476130
139.500000 45.464502
139.450000 45.452819
139.437999 45.450000
139.400000 45.440984
139.350000 45.429092
139.300000 45.417192
139.250000 45.405301
139.227698 45.400000
139.200000 45.393346
139.150000 45.381361
139.100000 45.369430
139.050000 45.357566
139.017920 45.350000
139.000000 45.345721
138.950000 45.333859
138.900000 45.322097
138.850000 45.310444
138.804742 45.300000
138.800000 45.298889
138.750000 45.287289
138.700000 45.275811
138.650000 45.264457
138.600000 45.253226
138.585467 45.250000
138.550000 45.241970
138.500000 45.230767
138.450000 45.219666
138.400000 45.208657
138.360368 45.200000
138.350000 45.197679
138.300000 45.186579
138.250000 45.175516
138.200000 45.164469
138.150000 45.153412
138.134555 45.150000
138.100000 45.142129
138.050000 45.130685
138.000000 45.119126
137.950000 45.107414
137.918756 45.100000
137.900000 45.095384
137.850000 45.082897
137.800000 45.070107
137.750000 45.056963
137.724165 45.050000
137.700000 45.043206
137.650000 45.028745
137.600000 45.013732
137.555990 45.000000
137.550000 44.998041
137.500000 44.981177
137.450000 44.963530
137.413281 44.950000
137.400000 44.944848
137.350000 44.924709
137.300000 44.903528
137.291974 44.900000
137.250000 44.880501
137.200000 44.856093
137.187994 44.850000
137.150000 44.829564
137.100000 44.801335
137.097717 44.800000
137.050000 44.770361
137.018638 44.750000
137.000000 44.737117
136.950000 44.701155
136.948445 44.700000
136.900000 44.661619
136.885840 44.650000
136.850000 44.618572
136.829477 44.600000
136.800000 44.571446
136.778472 44.550000
136.750000 44.519587
136.732113 44.500000
136.700000 44.462236
136.689821 44.450000
136.651135 44.400000
136.650000 44.398426
136.615706 44.350000
136.600000 44.326059
136.583169 44.300000
136.553271 44.250000
136.550000 44.244113
136.525800 44.200000
136.500544 44.150000
136.500000 44.148839
136.477339 44.100000
136.456038 44.050000
136.450000 44.034637
136.436496 44.000000
136.418603 43.950000
136.402260 43.900000
136.400000 43.892468
136.387337 43.850000
136.373768 43.800000
136.361475 43.750000
136.350377 43.700000
136.350000 43.698121
136.340376 43.650000
136.331431 43.600000
136.323482 43.550000
136.316467 43.500000
136.310333 43.450000
136.305026 43.400000
136.300497 43.350000
136.300000 43.343499
136.296687 43.300000
136.293562 43.250000
136.291083 43.200000
136.289207 43.150000
136.287896 43.100000
136.287111 43.050000
136.286815 43.000000
136.286972 42.950000
136.287549 42.900000
136.288511 42.850000
136.289825 42.800000
136.291461 42.750000
136.293386 42.700000
136.295571 42.650000
136.297988 42.600000
136.300000 42.561603
136.300605 42.550000
136.303391 42.500000
136.306327 42.450000
136.309385 42.400000
136.312541 42.350000
136.315770 42.300000
136.319051 42.250000
136.322359 42.200000
136.325675 42.150000
136.328978 42.100000
136.332246 42.050000
136.335463 42.000000
136.338608 41.950000
136.341664 41.900000
136.344615 41.850000
136.347442 41.800000
136.350000 41.752423
136.350130 41.750000
136.352660 41.700000
136.355020 41.650000
136.357197 41.600000
136.359175 41.550000
136.360940 41.500000
136.362480 41.450000
136.363781 41.400000
136.364830 41.350000
136.365617 41.300000
136.366129 41.250000
136.366356 41.200000
136.366288 41.150000
136.365916 41.100000
136.365233 41.050000
136.364231 41.000000
136.362903 40.950000
136.361245 40.900000
136.359253 40.850000
136.356924 40.800000
136.354257 40.750000
136.351250 40.700000
136.350000 40.681328
136.347902 40.650000
136.344216 40.600000
136.340197 40.550000
136.335847 40.500000
136.331172 40.450000
136.326179 40.400000
136.320874 40.350000
136.315264 40.300000
136.309359 40.250000
136.303167 40.200000
136.300000 40.175553
136.296694 40.150000
136.289950 40.100000
136.282950 40.050000
136.275705 40.000000
136.268228 39.950000
136.260531 39.900000
136.252628 39.850000
136.250000 39.833815
136.244520 39.800000
136.236226 39.750000
136.227766 39.700000
136.219154 39.650000
136.210405 39.600000
136.201534 39.550000
136.200000 39.541485
136.192537 39.500000
136.183442 39.450000
136.174271 39.400000
136.165037 39.350000
136.155757 39.300000
136.150000 39.269143
136.146432 39.250000
136.137069 39.200000
136.127699 39.150000
136.118336 39.100000
136.108990 39.050000
136.100000 39.001764
136.099671 39.000000
136.090355 38.950000
136.081085 38.900000
136.071866 38.850000
136.062704 38.800000
136.053604 38.750000
136.050000 38.730111
136.044545 38.700000
136.035537 38.650000
136.026597 38.600000
136.017723 38.550000
136.008915 38.500000
136.000171 38.450000
136.000000 38.449019
135.991454 38.400000
135.982800 38.350000
135.974207 38.300000
135.965676 38.250000
135.957206 38.200000
135.950000 38.157164
135.948794 38.150000
135.940420 38.100000
135.932119 38.050000
135.923897 38.000000
135.915764 37.950000
135.907732 37.900000
135.900000 37.851186
135.899812 37.850000
135.891992 37.800000
135.884321 37.750000
135.876820 37.700000
135.869515 37.650000
135.862428 37.600000
135.855589 37.550000
135.850000 37.507428
135.849023 37.500000
135.842745 37.450000
135.836809 37.400000
135.831251 37.350000
135.826104 37.300000
135.821404 37.250000
135.817185 37.200000
135.813485 37.150000
135.810338 37.100000
135.807780 37.050000
135.805844 37.000000
