160.000000 54.865560
159.985185 54.850000
159.950000 54.812458
159.938349 54.800000
159.900000 54.758387
159.892274 54.750000
159.850000 54.703499
159.846815 54.700000
159.801855 54.650000
159.800000 54.647914
159.757269 54.600000
159.750000 54.591789
159.712854 54.550000
159.700000 54.535459
159.668494 54.500000
159.650000 54.479108
159.624089 54.450000
159.600000 54.422878
159.579562 54.400000
159.550000 54.366873
159.534854 54.350000
159.500000 54.311168
159.489918 54.300000
159.450000 54.255814
159.444717 54.250000
159.400000 54.200859
159.399214 54.200000
159.353411 54.150000
159.350000 54.146287
159.307207 54.100000
159.300000 54.092236
159.260514 54.050000
159.250000 54.038809
159.213243 54.000000
159.200000 53.986100
159.165287 53.950000
159.150000 53.934208
159.116536 53.900000
159.100000 53.883219
159.066880 53.850000
159.050000 53.833197
159.016224 53.800000
159.000000 53.784170
158.964505 53.750000
158.950000 53.736129
158.911697 53.700000
158.900000 53.689025
158.857833 53.650000
158.850000 53.642776
158.803004 53.600000
158.800000 53.597269
158.750000 53.552321
158.747391 53.550000
158.700000 53.507752
158.691214 53.500000
158.650000 53.463458
158.634688 53.450000
158.600000 53.419281
158.578068 53.400000
158.550000 53.375071
158.521603 53.350000
158.500000 53.330684
158.465513 53.300000
158.450000 53.285992
158.409976 53.250000
158.400000 53.240881
158.355118 53.200000
158.350000 53.195257
158.301016 53.150000
158.300000 53.149045
158.250000 53.102120
158.247737 53.100000
158.200000 53.054525
158.195242 53.050000
158.150000 53.006294
158.143478 53.000000
158.100000 52.957447
158.092388 52.950000
158.050000 52.908020
158.041907 52.900000
158.000000 52.858060
157.991963 52.850000
157.950000 52.807621
157.942482 52.800000
157.900000 52.756762
157.893392 52.750000
157.850000 52.705550
157.844620 52.700000
157.800000 52.654058
157.796093 52.650000
157.750000 52.602365
157.747734 52.600000
157.700000 52.550562
157.699463 52.550000
157.651234 52.500000
157.650000 52.498736
157.602933 52.450000
157.600000 52.447005
157.554447 52.400000
157.550000 52.395481
157.505682 52.350000
157.500000 52.344262
157.456549 52.300000
157.450000 52.293439
157.406968 52.250000
157.400000 52.243082
157.356878 52.200000
157.350000 52.193240
157.306237 52.150000
157.300000 52.143935
157.255034 52.100000
157.250000 52.095155
157.203294 52.050000
157.200000 52.046861
157.151079 52.000000
157.150000 51.998980
157.100000 51.951409
157.098530 51.950000
157.050000 51.904029
157.045782 51.900000
157.000000 51.856720
156.992963 51.850000
156.950000 51.809359
156.940222 51.800000
156.900000 51.761835
156.887691 51.750000
156.850000 51.714066
156.835454 51.700000
156.800000 51.666007
156.783545 51.650000
156.750000 51.617664
156.731932 51.600000
156.700000 51.569093
156.680526 51.550000
156.650000 51.520404
156.629186 51.500000
156.600000 51.471745
156.577731 51.450000
156.550000 51.423293
156.525955 51.400000
156.500000 51.375229
156.473643 51.350000
156.450000 51.327720
156.420589 51.300000
156.400000 51.280901
156.366607 51.250000
156.350000 51.234869
156.311556 51.200000
156.300000 51.189670
156.255349 51.150000
156.250000 51.145310
156.200000 51.101728
156.198007 51.100000
156.150000 51.058797
156.139672 51.050000
156.100000 51.016470
156.080373 51.000000
156.050000 50.974638
156.020303 50.950000
156.000000 50.933188
155.959695 50.900000
155.950000 50.892008
155.900000 50.850975
155.898810 50.850000
155.850000 50.809819
155.838012 50.800000
155.800000 50.768635
155.777298 50.750000
155.750000 50.727373
155.716779 50.700000
155.700000 50.686010
155.656507 50.650000
155.650000 50.644539
155.600000 50.602887
155.596505 50.600000
155.550000 50.561003
155.536716 50.550000
155.500000 50.519099
155.476983 50.500000
155.450000 50.477233
155.417206 50.450000
155.400000 50.435466
155.357283 50.400000
155.350000 50.393849
155.300000 50.352345
155.297127 50.350000
155.250000 50.310865
155.236663 50.300000
155.200000 50.269620
155.175877 50.250000
155.150000 50.228610
155.114778 50.200000
155.100000 50.187816
155.053399 50.150000
155.050000 50.147206
155.000000 50.106591
154.991789 50.100000
154.950000 50.066064
154.930014 50.050000
154.900000 50.025660
154.868107 50.000000
154.850000 49.985343
154.806090 49.950000
154.800000 49.945082
154.750000 49.904799
154.744039 49.900000
154.700000 49.864507
154.682005 49.850000
154.650000 49.824230
154.619972 49.800000
154.600000 49.783929
154.557998 49.750000
154.550000 49.743563
154.500000 49.703079
154.496225 49.700000
154.450000 49.662426
154.434826 49.650000
154.400000 49.621571
154.373794 49.600000
154.350000 49.580460
154.313244 49.550000
154.300000 49.539040
154.253280 49.500000
154.250000 49.497260
154.200000 49.455042
154.194089 49.450000
154.150000 49.412350
154.135681 49.400000
154.100000 49.369158
154.078059 49.350000
154.050000 49.325428
154.021257 49.300000
154.000000 49.281129
153.965294 49.250000
153.950000 49.236231
153.910174 49.200000
153.900000 49.190710
153.855886 49.150000
153.850000 49.144549
153.802406 49.100000
153.800000 49.097741
153.750000 49.050286
153.749701 49.050000
153.700000 49.002199
153.697737 49.000000
153.650000 48.953519
153.646423 48.950000
153.600000 48.904291
153.595685 48.900000
153.550000 48.854571
153.545447 48.850000
153.500000 48.804426
153.495626 48.800000
153.450000 48.753931
153.446140 48.750000
153.400000 48.703165
153.396906 48.700000
153.350000 48.652208
153.347848 48.650000
153.300000 48.601141
153.298890 48.600000
153.250000 48.550046
153.249955 48.550000
153.200971 48.500000
153.200000 48.499015
153.151838 48.450000
153.150000 48.448144
153.102445 48.400000
153.100000 48.397546
153.052666 48.350000
153.050000 48.347349
153.002346 48.300000
153.000000 48.297696
152.951306 48.250000
152.950000 48.248738
152.900000 48.200628
152.899344 48.200000
152.850000 48.153513
152.846244 48.150000
152.800000 48.107498
152.791769 48.100000
152.750000 48.062655
152.735701 48.050000
152.700000 48.019011
152.677854 48.000000
152.650000 47.976548
152.618105 47.950000
152.600000 47.935208
152.556418 47.900000
152.550000 47.894903
152.500000 47.855547
152.492894 47.850000
152.450000 47.816988
152.427752 47.800000
152.400000 47.779053
152.361285 47.750000
152.350000 47.741603
152.300000 47.704505
152.293923 47.700000
152.250000 47.667595
152.226140 47.650000
152.200000 47.630763
152.158245 47.600000
152.150000 47.593924
152.100000 47.556970
152.090599 47.550000
152.050000 47.519840
152.023357 47.500000
152.000000 47.482558
151.956473 47.450000
151.950000 47.445143
151.900000 47.407573
151.889927 47.400000
151.850000 47.369925
151.823490 47.350000
151.800000 47.332323
151.756857 47.300000
151.750000 47.294859
151.700000 47.257556
151.689811 47.250000
151.650000 47.220509
151.622052 47.200000
151.600000 47.183839
151.553299 47.150000
151.550000 47.147613
151.500000 47.111735
151.483450 47.100000
151.450000 47.076312
151.412339 47.050000
151.400000 47.041383
151.350000 47.006847
151.339990 47.000000
151.300000 46.972629
151.266524 46.950000
151.250000 46.938810
151.200000 46.905260
151.192117 46.900000
151.150000 46.871809
151.117151 46.850000
151.100000 46.838566
151.050000 46.805373
151.041905 46.800000
151.000000 46.772046
150.966870 46.750000
150.950000 46.738713
150.900000 46.705219
150.892243 46.700000
150.850000 46.671413
150.818411 46.650000
150.800000 46.637451
150.750000 46.603249
150.745280 46.600000
150.700000 46.568670
150.673075 46.550000
150.650000 46.533931
150.601345 46.500000
150.600000 46.499059
150.550000 46.463924
150.530159 46.450000
150.500000 46.428793
150.458914 46.400000
150.450000 46.393751
150.400000 46.358804
150.387326 46.350000
150.350000 46.324103
150.314902 46.300000
150.300000 46.289797
150.250000 46.255935
150.241130 46.250000
150.200000 46.222601
150.165498 46.200000
150.150000 46.189908
150.100000 46.157876
150.087491 46.150000
150.050000 46.126550
150.006665 46.100000
150.000000 46.095947
149.950000 46.066062
149.922574 46.050000
149.900000 46.036875
149.850000 46.008353
149.835092 46.000000
149.800000 45.980470
149.750000 45.953152
149.744141 45.950000
149.700000 45.926401
149.650000 45.900103
149.649801 45.900000
149.600000 45.874300
149.552265 45.850000
149.550000 45.848853
149.500000 45.823827
149.451860 45.800000
149.450000 45.799084
149.400000 45.774711
149.350000 45.750565
149.348820 45.750000
149.300000 45.726756
149.250000 45.703149
149.243282 45.700000
149.200000 45.679843
149.150000 45.656745
149.135296 45.650000
149.100000 45.633918
149.050000 45.611325
149.024737 45.600000
149.000000 45.588980
148.950000 45.566902
148.911354 45.550000
148.900000 45.545059
148.850000 45.523504
148.800000 45.502186
148.794822 45.500000
148.750000 45.481135
148.700000 45.460329
148.674904 45.450000
148.650000 45.439746
148.600000 45.419376
148.551983 45.400000
148.550000 45.399197
148.500000 45.379132
148.450000 45.359198
148.426790 45.350000
148.400000 45.339304
148.350000 45.319414
148.301212 45.300000
148.300000 45.299513
148.250000 45.279445
148.200000 45.259273
148.177125 45.250000
148.150000 45.238874
148.100000 45.218229
148.056305 45.200000
148.050000 45.197336
148.000000 45.176081
147.950000 45.154565
147.939473 45.150000
147.900000 45.132680
147.850000 45.110526
147.826424 45.100000
147.800000 45.088072
147.750000 45.065374
147.716309 45.050000
147.700000 45.042482
147.650000 45.019405
147.608038 45.000000
147.600000 44.996248
147.550000 44.972967
147.500626 44.950000
147.500000 44.949706
147.450000 44.926349
147.400000 44.903047
147.393438 44.900000
147.350000 44.879658
147.300000 44.856278
147.286564 44.850000
147.250000 44.832760
147.200000 44.809141
147.180725 44.800000
147.150000 44.785282
147.100000 44.761171
147.077050 44.750000
147.050000 44.736689
147.000000 44.711800
146.976619 44.700000
146.950000 44.686410
146.900000 44.660504
146.880045 44.650000
146.850000 44.634004
146.800000 44.606971
146.787297 44.600000
146.750000 44.579324
146.700000 44.551253
146.697792 44.550000
146.650000 44.522661
146.610635 44.500000
146.600000 44.493838
146.550000 44.464810
146.524437 44.450000
146.500000 44.435805
146.450000 44.407011
146.437693 44.400000
146.400000 44.378565
146.350000 44.350731
146.348661 44.350000
146.300000 44.323576
146.255121 44.300000
146.250000 44.297329
146.200000 44.272017
146.154650 44.250000
146.150000 44.247763
146.100000 44.224530
146.050000 44.202366
146.044468 44.200000
146.000000 44.181158
145.950000 44.160899
145.922049 44.150000
145.900000 44.141462
145.850000 44.122747
145.800000 44.104693
145.786680 44.100000
145.750000 44.087113
145.700000 44.069960
145.650000 44.053166
145.640468 44.050000
145.600000 44.036535
145.550000 44.020080
145.500000 44.003759
145.488463 44.000000
145.450000 43.987402
145.400000 43.971057
145.350000 43.954728
145.335558 43.950000
145.300000 43.938275
145.250000 43.921769
145.200000 43.905252
145.184136 43.900000
145.150000 43.888606
145.100000 43.871914
145.050000 43.855241
145.034282 43.850000
145.000000 43.838470
144.950000 43.821693
144.900000 43.804980
144.885064 43.800000
144.850000 43.788194
144.800000 43.771430
144.750000 43.754747
144.735723 43.750000
144.700000 43.737974
144.650000 43.721199
144.600000 43.704465
144.586648 43.700000
144.550000 43.687550
144.500000 43.670544
144.450000 43.653473
144.439875 43.650000
144.400000 43.636054
144.350000 43.618424
144.300000 43.600599
144.298335 43.600000
144.250000 43.582220
144.200000 43.563578
144.164043 43.550000
144.150000 43.544568
144.100000 43.525041
144.050000 43.505283
144.036707 43.500000
144.000000 43.485056
143.950000 43.464608
143.914329 43.450000
143.900000 43.443994
143.850000 43.423151
143.800000 43.402425
143.794073 43.400000
143.750000 43.381584
143.700000 43.360983
143.672871 43.350000
143.650000 43.340559
143.600000 43.320340
143.550000 43.300526
143.548642 43.300000
143.500000 43.280811
143.450000 43.261494
143.419650 43.250000
143.400000 43.242427
143.350000 43.223514
143.300000 43.204902
143.286648 43.200000
143.250000 43.186308
143.200000 43.167838
143.151295 43.150000
143.150000 43.149517
143.100000 43.130993
143.050000 43.112544
143.015925 43.100000
143.000000 43.094023
142.950000 43.075274
142.900000 43.056502
142.882714 43.050000
142.850000 43.037439
142.800000 43.018176
142.753048 43.000000
142.750000 42.998794
142.700000 42.978919
142.650000 42.958910
142.627883 42.950000
142.600000 42.938502
142.550000 42.917724
142.507728 42.900000
142.500000 42.896678
142.450000 42.875012
142.400000 42.853111
142.392965 42.850000
142.350000 42.830497
142.300000 42.807533
142.283777 42.800000
142.250000 42.783875
142.200000 42.759705
142.180164 42.750000
142.150000 42.734804
142.100000 42.709277
142.082062 42.700000
142.050000 42.682903
142.000000 42.655853
141.989323 42.650000
141.950000 42.627740
141.901758 42.600000
141.900000 42.598954
141.850000 42.568826
141.819255 42.550000
141.800000 42.537791
141.750000 42.505589
141.741450 42.500000
141.700000 42.471896
141.668242 42.450000
141.650000 42.436935
141.600000 42.400517
141.599302 42.400000
141.550000 42.362056
141.534606 42.350000
141.500000 42.321754
141.473815 42.300000
141.450000 42.279346
141.416766 42.250000
141.400000 42.234519
141.363293 42.200000
141.350000 42.186905
141.313227 42.150000
141.300000 42.136068
141.266398 42.100000
141.250000 42.081492
141.222631 42.050000
141.200000 42.022564
141.181748 42.000000
141.150000 41.958560
141.143571 41.950000
141.108021 41.900000
141.100000 41.888063
141.074935 41.850000
141.050000 41.809795
141.044048 41.800000
141.015391 41.750000
141.000000 41.721426
140.988693 41.700000
140.963895 41.650000
140.950000 41.620132
140.940824 41.600000
140.919434 41.550000
140.900000 41.501403
140.899450 41.500000
140.881037 41.450000
140.863835 41.400000
140.850000 41.356994
140.847794 41.350000
140.832987 41.300000
140.819141 41.250000
140.806180 41.200000
140.800000 41.174618
140.794119 41.150000
140.782880 41.100000
140.772312 41.050000
140.762348 41.000000
140.752930 40.950000
140.750000 40.933639
140.744081 40.900000
140.735696 40.850000
140.727681 40.800000
140.719984 40.750000
140.712556 40.700000
140.705350 40.650000
140.700000 40.611961
140.698344 40.600000
140.691540 40.550000
140.684827 40.500000
140.678166 40.450000
140.671521 40.400000
140.664857 40.350000
140.658140 40.300000
140.651340 40.250000
140.650000 40.240317
140.644494 40.200000
140.637524 40.150000
140.630388 40.100000
140.623060 40.050000
140.615517 40.000000
140.607739 39.950000
140.600000 39.901837
140.599708 39.900000
140.591494 39.850000
140.582990 39.800000
140.574179 39.750000
140.565047 39.700000
140.555580 39.650000
140.550000 39.621558
140.545810 39.600000
140.535746 39.550000
140.525313 39.500000
140.514501 39.450000
140.503301 39.400000
140.500000 39.385742
140.491792 39.350000
140.479918 39.300000
140.467634 39.250000
140.454933 39.200000
140.450000 39.181165
140.441895 39.150000
140.428484 39.100000
140.414643 39.050000
140.400365 39.000000
140.400000 38.998756
140.385794 38.950000
140.370788 38.900000
140.355337 38.850000
140.350000 38.833163
140.339547 38.800000
140.323367 38.750000
140.306740 38.700000
140.300000 38.680200
140.289771 38.650000
140.272429 38.600000
140.254647 38.550000
140.250000 38.537197
140.236563 38.500000
140.218097 38.450000
140.200000 38.402088
140.199215 38.400000
140.180103 38.350000
140.160587 38.300000
140.150000 38.273343
140.140771 38.250000
140.120687 38.200000
140.100237 38.150000
140.100000 38.149426
140.079653 38.100000
140.058745 38.050000
140.050000 38.029328
140.037660 38.000000
140.016388 37.950000
140.000000 37.911906
139.994910 37.900000
139.973380 37.850000
139.951644 37.800000
139.950000 37.796234
139.929961 37.750000
139.908151 37.700000
139.900000 37.681373
139.886386 37.650000
139.864638 37.600000
139.850000 37.566398
139.842925 37.550000
139.821381 37.500000
139.800000 37.450345
139.799853 37.450000
139.778654 37.400000
139.757538 37.350000
139.750000 37.332043
139.736721 37.300000
139.716158 37.250000
139.700000 37.210373
139.695830 37.200000
139.675940 37.150000
139.656271 37.100000
139.650000 37.083873
139.637039 37.050000
139.618145 37.000000
