158.683160 55.000000
158.650000 54.968319
158.630663 54.950000
158.600000 54.920972
158.577597 54.900000
158.550000 54.874179
158.523794 54.850000
158.500000 54.828053
158.469073 54.800000
158.450000 54.782699
158.413252 54.750000
158.400000 54.738202
158.356160 54.700000
158.350000 54.694625
158.300000 54.651935
158.297687 54.650000
158.250000 54.609987
158.237802 54.600000
158.200000 54.568911
158.176444 54.550000
158.150000 54.528636
158.113741 54.500000
158.100000 54.489056
158.050000 54.450032
158.049958 54.450000
158.000000 54.410991
157.985718 54.400000
157.950000 54.372122
157.921374 54.350000
157.900000 54.333216
157.857484 54.300000
157.850000 54.294049
157.800000 54.254231
157.794712 54.250000
157.750000 54.213514
157.733535 54.200000
157.700000 54.171925
157.674033 54.150000
157.650000 54.129312
157.616294 54.100000
157.600000 54.085571
157.560262 54.050000
157.550000 54.040663
157.505772 54.000000
157.500000 53.994617
157.452594 53.950000
157.450000 53.947529
157.400468 53.900000
157.400000 53.899546
157.350000 53.850824
157.349157 53.850000
157.300000 53.801566
157.298412 53.800000
157.250000 53.751937
157.248049 53.750000
157.200000 53.702050
157.197943 53.700000
157.150000 53.651971
157.148027 53.650000
157.100000 53.601720
157.098284 53.600000
157.050000 53.551268
157.048740 53.550000
157.000000 53.500557
156.999450 53.500000
156.950492 53.450000
156.950000 53.449492
156.901945 53.400000
156.900000 53.397976
156.853866 53.350000
156.850000 53.345937
156.806299 53.300000
156.800000 53.293309
156.759263 53.250000
156.750000 53.240051
156.712755 53.200000
156.700000 53.186156
156.666745 53.150000
156.650000 53.131645
156.621188 53.100000
156.600000 53.076569
156.576026 53.050000
156.550000 53.021000
156.531194 53.000000
156.500000 52.965027
156.486624 52.950000
156.450000 52.908744
156.442252 52.900000
156.400000 52.852245
156.398016 52.850000
156.353900 52.800000
156.350000 52.795578
156.309829 52.750000
156.300000 52.738851
156.265736 52.700000
156.250000 52.682166
156.221579 52.650000
156.200000 52.625592
156.177313 52.600000
156.150000 52.569205
156.132894 52.550000
156.100000 52.513086
156.088269 52.500000
156.050000 52.457327
156.043378 52.450000
156.000000 52.402030
155.998147 52.400000
155.952488 52.350000
155.950000 52.347278
155.906302 52.300000
155.900000 52.293193
155.859500 52.250000
155.850000 52.239891
155.811995 52.200000
155.800000 52.187446
155.763711 52.150000
155.750000 52.135902
155.714590 52.100000
155.700000 52.085269
155.664600 52.050000
155.650000 52.035523
155.613737 52.000000
155.600000 51.986615
155.562025 51.950000
155.550000 51.938474
155.509505 51.900000
155.500000 51.891029
155.456223 51.850000
155.450000 51.844211
155.402211 51.800000
155.400000 51.797971
155.350000 51.752286
155.347491 51.750000
155.300000 51.707164
155.292032 51.700000
155.250000 51.662634
155.235735 51.650000
155.200000 51.618746
155.178460 51.600000
155.150000 51.575568
155.120024 51.550000
155.100000 51.533169
155.060208 51.500000
155.050000 51.491619
155.000000 51.450982
154.998781 51.450000
154.950000 51.411323
154.935528 51.400000
154.900000 51.372630
154.870184 51.350000
154.850000 51.334904
154.802578 51.300000
154.800000 51.298128
154.750000 51.262265
154.732626 51.250000
154.700000 51.227227
154.660363 51.200000
154.650000 51.192946
154.600000 51.159317
154.585987 51.150000
154.550000 51.126211
154.509893 51.100000
154.500000 51.093552
154.450000 51.061168
154.432658 51.050000
154.400000 51.028937
154.354958 51.000000
154.350000 50.996799
154.300000 50.964499
154.277584 50.950000
154.250000 50.932001
154.201132 50.900000
154.200000 50.899250
154.150000 50.865925
154.126269 50.850000
154.100000 50.832115
154.053208 50.800000
154.050000 50.797762
154.000000 50.762603
153.982232 50.750000
153.950000 50.726748
153.913223 50.700000
153.900000 50.690218
153.850000 50.652973
153.846035 50.650000
153.800000 50.614946
153.780466 50.600000
153.750000 50.576350
153.716149 50.550000
153.700000 50.537264
153.652781 50.500000
153.650000 50.497779
153.600000 50.457885
153.590100 50.450000
153.550000 50.417759
153.527836 50.400000
153.500000 50.377509
153.465796 50.350000
153.450000 50.337198
153.403859 50.300000
153.400000 50.296866
153.350000 50.256449
153.341983 50.250000
153.300000 50.215985
153.280171 50.200000
153.250000 50.175492
153.218471 50.150000
153.200000 50.134940
153.156971 50.100000
153.150000 50.094288
153.100000 50.053432
153.095791 50.050000
153.050000 50.012279
153.035062 50.000000
153.000000 49.970855
152.974873 49.950000
152.950000 49.929102
152.915326 49.900000
152.900000 49.886964
152.856510 49.850000
152.850000 49.844387
152.800000 49.801296
152.798496 49.800000
152.750000 49.757572
152.741335 49.750000
152.700000 49.713291
152.685007 49.700000
152.650000 49.668445
152.629483 49.650000
152.600000 49.623047
152.574694 49.600000
152.550000 49.577135
152.520540 49.550000
152.500000 49.530775
152.466891 49.500000
152.450000 49.484058
152.413596 49.450000
152.400000 49.437097
152.360494 49.400000
152.350000 49.390016
152.307419 49.350000
152.300000 49.342945
152.254214 49.300000
152.250000 49.296005
152.200737 49.250000
152.200000 49.249305
152.150000 49.202892
152.146832 49.200000
152.100000 49.156871
152.092411 49.150000
152.050000 49.111306
152.037392 49.100000
152.000000 49.066239
151.981702 49.050000
151.950000 49.021699
151.925276 49.000000
151.900000 48.977709
151.868054 48.950000
151.850000 48.934282
151.809989 48.900000
151.800000 48.891420
151.751050 48.850000
151.750000 48.849110
151.700000 48.807264
151.691216 48.800000
151.650000 48.765888
151.630606 48.750000
151.600000 48.724912
151.569373 48.700000
151.550000 48.684229
151.507750 48.650000
151.500000 48.643712
151.450000 48.603184
151.446078 48.600000
151.400000 48.562446
151.384796 48.550000
151.350000 48.521354
151.324269 48.500000
151.300000 48.479705
151.264880 48.450000
151.250000 48.437293
151.206951 48.400000
151.200000 48.393910
151.150714 48.350000
151.150000 48.349356
151.100000 48.303421
151.096345 48.300000
151.050000 48.256021
151.043776 48.250000
151.000000 48.207098
150.992895 48.200000
150.950000 48.156672
150.943517 48.150000
150.900000 48.104865
150.895391 48.100000
150.850000 48.051914
150.848222 48.050000
150.801703 48.000000
150.800000 47.998182
150.755497 47.950000
150.750000 47.944123
150.709252 47.900000
150.700000 47.890160
150.662652 47.850000
150.650000 47.836703
150.615403 47.800000
150.600000 47.784096
150.567234 47.750000
150.550000 47.732601
150.517896 47.700000
150.500000 47.682408
150.467154 47.650000
150.450000 47.633640
150.414770 47.600000
150.400000 47.586378
150.360487 47.550000
150.350000 47.540674
150.304015 47.500000
150.300000 47.496568
150.250000 47.454249
150.244909 47.450000
150.200000 47.413755
150.182643 47.400000
150.150000 47.374945
150.116745 47.350000
150.100000 47.337810
150.050000 47.302414
150.046472 47.300000
150.000000 47.269065
149.970307 47.250000
149.950000 47.237279
149.900000 47.207210
149.887457 47.200000
149.850000 47.178919
149.800000 47.152025
149.796036 47.150000
149.750000 47.126882
149.700000 47.102949
149.693498 47.100000
149.650000 47.080521
149.600000 47.059200
149.577299 47.050000
149.550000 47.039029
149.500000 47.019884
149.450000 47.001544
149.445594 47.000000
149.400000 46.984076
149.350000 46.967221
149.300000 46.950865
149.297274 46.950000
149.250000 46.934968
149.200000 46.919342
149.150000 46.903881
149.137337 46.900000
149.100000 46.888462
149.050000 46.872971
149.000000 46.857319
148.976897 46.850000
148.950000 46.841360
148.900000 46.824998
148.850000 46.808223
148.826054 46.800000
148.800000 46.790891
148.750000 46.772962
148.700000 46.754541
148.687935 46.750000
148.650000 46.735452
148.600000 46.715880
148.560066 46.700000
148.550000 46.695928
148.500000 46.675517
148.450000 46.655031
148.437708 46.650000
148.400000 46.634383
148.350000 46.613874
148.315652 46.600000
148.300000 46.593632
148.250000 46.573659
148.200000 46.554239
148.188831 46.550000
148.150000 46.535224
148.100000 46.516762
148.053123 46.500000
148.050000 46.498882
148.000000 46.481308
147.950000 46.464194
147.907671 46.450000
147.900000 46.447420
147.850000 46.430684
147.800000 46.414115
147.757264 46.400000
147.750000 46.397582
147.700000 46.380765
147.650000 46.363860
147.609374 46.350000
147.600000 46.346762
147.550000 46.329194
147.500000 46.311448
147.468116 46.300000
147.450000 46.293395
147.400000 46.274940
147.350000 46.256392
147.332872 46.250000
147.300000 46.237535
147.250000 46.218561
147.200839 46.200000
147.200000 46.199678
147.150000 46.180556
147.100000 46.161657
147.068792 46.150000
147.050000 46.142884
147.000000 46.124178
146.950000 46.105796
146.934022 46.100000
146.900000 46.087495
146.850000 46.069389
146.800000 46.051559
146.795594 46.050000
146.750000 46.033639
146.700000 46.015851
146.655233 46.000000
146.650000 45.998118
146.600000 45.980073
146.550000 45.961951
146.517339 45.950000
146.500000 45.943537
146.450000 45.924625
146.400000 45.905402
146.386216 45.900000
146.350000 45.885503
146.300000 45.865074
146.263850 45.850000
146.250000 45.844093
146.200000 45.822348
146.150000 45.800216
146.149518 45.800000
146.100000 45.777242
146.050000 45.754001
146.041444 45.750000
146.000000 45.730138
145.950000 45.706111
145.937245 45.700000
145.900000 45.681697
145.850000 45.657275
145.834926 45.650000
145.800000 45.632688
145.750000 45.608248
145.732799 45.600000
145.700000 45.583830
145.650000 45.559671
145.629496 45.550000
145.600000 45.535687
145.550000 45.512013
145.523950 45.500000
145.500000 45.488645
145.450000 45.465584
145.415314 45.450000
145.400000 45.442943
145.350000 45.420577
145.302886 45.400000
145.300000 45.398713
145.250000 45.377095
145.200000 45.355951
145.185563 45.350000
145.150000 45.335143
145.100000 45.314700
145.063364 45.300000
145.050000 45.294608
145.000000 45.274814
144.950000 45.255275
144.936339 45.250000
144.900000 45.236008
144.850000 45.216916
144.805444 45.200000
144.800000 45.197952
144.750000 45.179215
144.700000 45.160525
144.671791 45.150000
144.650000 45.141983
144.600000 45.123619
144.550000 45.105346
144.535292 45.100000
144.500000 45.087387
144.450000 45.069693
144.400000 45.052281
144.393341 45.050000
144.350000 45.035419
144.300000 45.019005
144.250000 45.003090
144.239990 45.000000
144.200000 44.987866
144.150000 44.973238
144.100000 44.959189
144.065975 44.950000
144.050000 44.945749
144.000000 44.932908
143.950000 44.920524
143.900000 44.908532
143.863500 44.900000
143.850000 44.896876
143.800000 44.885493
143.750000 44.874248
143.700000 44.863068
143.650000 44.851891
143.641582 44.850000
143.600000 44.840697
143.550000 44.829415
143.500000 44.818015
143.450000 44.806486
143.422166 44.800000
143.400000 44.794840
143.350000 44.783084
143.300000 44.771216
143.250000 44.759256
143.211518 44.750000
143.200000 44.747228
143.150000 44.735160
143.100000 44.723053
143.050000 44.710925
143.004975 44.700000
143.000000 44.698791
142.950000 44.686672
142.900000 44.674562
142.850000 44.662467
142.800000 44.650393
142.798364 44.650000
142.750000 44.638352
142.700000 44.626334
142.650000 44.614341
142.600000 44.602374
142.590036 44.600000
142.550000 44.590437
142.500000 44.578525
142.450000 44.566635
142.400000 44.554771
142.379820 44.550000
142.350000 44.542929
142.300000 44.531107
142.250000 44.519303
142.200000 44.507520
142.168009 44.500000
142.150000 44.495751
142.100000 44.483988
142.050000 44.472237
142.000000 44.460495
141.955255 44.450000
141.950000 44.448761
141.900000 44.437012
141.850000 44.425261
141.800000 44.413509
141.750000 44.401752
141.742529 44.400000
141.700000 44.389959
141.650000 44.378147
141.600000 44.366317
141.550000 44.354468
141.531131 44.350000
141.500000 44.342569
141.450000 44.330623
141.400000 44.318645
141.350000 44.306633
141.322416 44.300000
141.300000 44.294558
141.250000 44.282406
141.200000 44.270205
141.150000 44.257955
141.117608 44.250000
141.100000 44.245627
141.050000 44.233189
141.000000 44.220684
140.950000 44.208110
140.917873 44.200000
140.900000 44.195430
140.850000 44.182604
140.800000 44.169685
140.750000 44.156668
140.724520 44.150000
140.700000 44.143487
140.650000 44.130122
140.600000 44.116621
140.550000 44.102974
140.539178 44.100000
140.500000 44.089048
140.450000 44.074902
140.400000 44.060550
140.363744 44.050000
140.350000 44.045923
140.300000 44.030904
140.250000 44.015596
140.200076 44.000000
140.200000 43.999976
140.150000 43.983771
140.100000 43.967168
140.050000 43.950132
140.049619 43.950000
140.000000 43.932325
139.950000 43.913973
139.913019 43.900000
139.900000 43.894939
139.850000 43.874975
139.800000 43.854283
139.789939 43.850000
139.750000 43.832438
139.700000 43.809607
139.679661 43.800000
139.650000 43.785483
139.600000 43.760046
139.580960 43.750000
139.550000 43.733016
139.500000 43.704404
139.492572 43.700000
139.450000 43.673662
139.413407 43.650000
139.400000 43.640931
139.350000 43.605702
139.342214 43.600000
139.300000 43.567536
139.278141 43.550000
139.250000 43.526228
139.220203 43.500000
139.200000 43.481224
139.167712 43.450000
139.150000 43.431864
139.120045 43.400000
139.100000 43.377357
139.076648 43.350000
139.050000 43.316750
139.037033 43.300000
139.000786 43.250000
139.000000 43.248848
138.967703 43.200000
138.950000 43.171255
138.937295 43.150000
138.909373 43.100000
138.900000 43.082039
138.883724 43.050000
138.860098 43.000000
138.850000 42.977077
138.838354 42.950000
138.818325 42.900000
138.800000 42.850491
138.799822 42.850000
138.782823 42.800000
138.767120 42.750000
138.752627 42.700000
138.750000 42.690280
138.739294 42.650000
138.727005 42.600000
138.715681 42.550000
138.705256 42.500000
138.700000 42.472731
138.695674 42.450000
138.686874 42.400000
138.678793 42.350000
138.671382 42.300000
138.664593 42.250000
138.658381 42.200000
138.652702 42.150000
138.650000 42.124054
138.647514 42.100000
138.642775 42.050000
138.638451 42.000000
138.634504 41.950000
138.630901 41.900000
138.627607 41.850000
138.624591 41.800000
138.621819 41.750000
138.619261 41.700000
138.616888 41.650000
138.614669 41.600000
138.612577 41.550000
138.610583 41.500000
138.608661 41.450000
138.606783 41.400000
138.604924 41.350000
138.603059 41.300000
138.601164 41.250000
138.600000 41.220215
138.599211 41.200000
138.597177 41.150000
138.595042 41.100000
138.592782 41.050000
138.590378 41.000000
138.587807 40.950000
138.585050 40.900000
138.582086 40.850000
138.578896 40.800000
138.575462 40.750000
138.571766 40.700000
138.567790 40.650000
138.563519 40.600000
138.558937 40.550000
138.554028 40.500000
138.550000 40.461626
138.548776 40.450000
138.543161 40.400000
138.537178 40.350000
138.530815 40.300000
138.524060 40.250000
138.516904 40.200000
138.509335 40.150000
138.501346 40.100000
138.500000 40.091995
138.492913 40.050000
138.484042 40.000000
138.474727 39.950000
138.464963 39.900000
138.454746 39.850000
138.450000 39.827740
138.444062 39.800000
138.432911 39.750000
138.421301 39.700000
138.409233 39.650000
138.400000 39.613122
138.396703 39.600000
138.383709 39.550000
138.370269 39.500000
138.356391 39.450000
138.350000 39.427643
138.342078 39.400000
138.327345 39.350000
138.312214 39.300000
138.300000 39.260624
138.296700 39.250000
138.280820 39.200000
138.264604 39.150000
138.250000 39.105819
138.248077 39.100000
138.231269 39.050000
138.214211 39.000000
138.200000 38.958879
138.196936 38.950000
138.179489 38.900000
138.161897 38.850000
138.150000 38.816414
138.144204 38.800000
138.126458 38.750000
138.108683 38.700000
138.100000 38.675594
138.090935 38.650000
138.073253 38.600000
138.055660 38.550000
138.050000 38.533838
138.038218 38.500000
138.020951 38.450000
138.003879 38.400000
138.000000 38.388523
137.987068 38.350000
137.970523 38.300000
137.954260 38.250000
137.950000 38.236691
137.938339 38.200000
137.922760 38.150000
137.907529 38.100000
137.900000 38.074729
137.892686 38.050000
137.878246 38.000000
137.864202 37.950000
137.850565 37.900000
137.850000 37.897872
137.837379 37.850000
137.824621 37.800000
137.812299 37.750000
137.800422 37.700000
137.800000 37.698163
137.789019 37.650000
137.778076 37.600000
137.767601 37.550000
137.757603 37.500000
137.750000 37.460058
137.748096 37.450000
137.739091 37.400000
137.730593 37.350000
137.722613 37.300000
137.715166 37.250000
137.708266 37.200000
137.701926 37.150000
137.700000 37.133349
137.696158 37.100000
137.690978 37.050000
137.686402 37.000000
