156.724181 54.925819
156.700000 54.915730
156.660411 54.900000
156.650000 54.895697
156.600000 54.876031
156.550000 54.857314
156.529421 54.850000
156.500000 54.839047
156.450000 54.821337
156.400000 54.804428
156.386248 54.800000
156.350000 54.787688
156.300000 54.771385
156.250000 54.755624
156.231524 54.750000
156.200000 54.739816
156.150000 54.724053
156.100000 54.708483
156.072459 54.700000
156.050000 54.692631
156.000000 54.676290
155.950000 54.659741
155.920960 54.650000
155.900000 54.642512
155.850000 54.624341
155.800000 54.605553
155.785606 54.600000
155.750000 54.585447
155.700000 54.564263
155.667594 54.550000
155.650000 54.541860
155.600000 54.517953
155.563881 54.500000
155.550000 54.492817
155.500000 54.466153
155.470677 54.450000
155.450000 54.438266
155.400000 54.409153
155.384650 54.400000
155.350000 54.378917
155.303319 54.350000
155.300000 54.347911
155.250000 54.316007
155.225162 54.300000
155.200000 54.283604
155.150000 54.250858
155.148699 54.250000
155.100000 54.217576
155.073596 54.200000
155.050000 54.184111
155.000000 54.150500
154.999257 54.150000
154.950000 54.116345
154.925999 54.100000
154.900000 54.081962
154.853817 54.050000
154.850000 54.047299
154.800000 54.011877
154.783212 54.000000
154.750000 53.975872
154.714361 53.950000
154.700000 53.939273
154.650000 53.901918
154.647434 53.900000
154.600000 53.863474
154.582479 53.850000
154.550000 53.824294
154.519227 53.800000
154.500000 53.784415
154.457352 53.750000
154.450000 53.743930
154.400000 53.702918
154.396417 53.700000
154.350000 53.661543
154.335919 53.650000
154.300000 53.620181
154.275376 53.600000
154.250000 53.579029
154.214365 53.550000
154.200000 53.538244
154.152565 53.500000
154.150000 53.497928
154.100000 53.458023
154.089833 53.450000
154.050000 53.418572
154.026241 53.400000
154.000000 53.379497
153.962038 53.350000
153.950000 53.340645
153.900000 53.301804
153.897693 53.300000
153.850000 53.262644
153.834005 53.250000
153.800000 53.223044
153.771333 53.200000
153.750000 53.182778
153.710129 53.150000
153.700000 53.141629
153.650692 53.100000
153.650000 53.099413
153.600000 53.055879
153.593413 53.050000
153.550000 53.011084
153.537928 53.000000
153.500000 52.965067
153.483999 52.950000
153.450000 52.917952
153.431318 52.900000
153.400000 52.869958
153.379513 52.850000
153.350000 52.821387
153.328182 52.800000
153.300000 52.772597
153.276907 52.750000
153.250000 52.723963
153.225275 52.700000
153.200000 52.675839
153.172887 52.650000
153.150000 52.628526
153.119377 52.600000
153.100000 52.582248
153.064421 52.550000
153.050000 52.537146
153.007759 52.500000
153.000000 52.493285
152.950000 52.450655
152.949223 52.450000
152.900000 52.409073
152.888899 52.400000
152.850000 52.368562
152.826631 52.350000
152.800000 52.329027
152.762513 52.300000
152.750000 52.290366
152.700000 52.252426
152.696774 52.250000
152.650000 52.214907
152.629824 52.200000
152.600000 52.177958
152.561614 52.150000
152.550000 52.141520
152.500000 52.105384
152.492491 52.100000
152.450000 52.069390
152.422724 52.050000
152.400000 52.033748
152.352214 52.000000
152.350000 51.998425
152.300000 51.962949
152.281563 51.950000
152.250000 51.927640
152.210586 51.900000
152.200000 51.892504
152.150000 51.857227
152.139731 51.850000
152.100000 51.821730
152.069263 51.800000
152.050000 51.786215
152.000000 51.750599
151.999164 51.750000
151.950000 51.714316
151.930203 51.700000
151.900000 51.677837
151.861945 51.650000
151.850000 51.641127
151.800000 51.603993
151.794635 51.600000
151.750000 51.566241
151.728423 51.550000
151.700000 51.528253
151.662853 51.500000
151.650000 51.490064
151.600000 51.451650
151.597848 51.450000
151.550000 51.412730
151.533483 51.400000
151.500000 51.373802
151.469217 51.350000
151.450000 51.334932
151.404867 51.300000
151.400000 51.296185
151.350000 51.257314
151.340484 51.250000
151.300000 51.218531
151.275822 51.200000
151.250000 51.180017
151.210681 51.150000
151.200000 51.141780
151.150000 51.103680
151.145142 51.100000
151.100000 51.065562
151.079382 51.050000
151.050000 51.027685
151.013211 51.000000
151.000000 50.990001
150.950000 50.952371
150.946852 50.950000
150.900000 50.914489
150.880797 50.900000
150.850000 50.876602
150.814902 50.850000
150.800000 50.838618
150.750000 50.800423
150.749450 50.800000
150.700000 50.761570
150.685147 50.750000
150.650000 50.722329
150.621761 50.700000
150.600000 50.682601
150.559471 50.650000
150.550000 50.642297
150.500000 50.601305
150.498425 50.600000
150.450000 50.559425
150.438836 50.550000
150.400000 50.516899
150.380326 50.500000
150.350000 50.473757
150.322750 50.450000
150.300000 50.430065
150.265923 50.400000
150.250000 50.385917
150.209636 50.350000
150.200000 50.341425
150.153687 50.300000
150.150000 50.296709
150.100000 50.251850
150.097948 50.250000
150.050000 50.206929
150.042305 50.200000
150.000000 50.162071
149.986557 50.150000
149.950000 50.117316
149.930648 50.100000
149.900000 50.072680
149.874561 50.050000
149.850000 50.028160
149.818318 50.000000
149.800000 49.983736
149.761969 49.950000
149.750000 49.939376
149.705581 49.900000
149.700000 49.895040
149.650000 49.850674
149.649240 49.850000
149.600000 49.806140
149.593082 49.800000
149.550000 49.761518
149.537053 49.750000
149.500000 49.716799
149.481161 49.700000
149.450000 49.672003
149.425368 49.650000
149.400000 49.627176
149.369580 49.600000
149.350000 49.582401
149.313639 49.550000
149.300000 49.537795
149.257324 49.500000
149.250000 49.493502
149.200355 49.450000
149.200000 49.449689
149.150000 49.406443
149.142431 49.400000
149.100000 49.364033
149.083141 49.350000
149.050000 49.322605
149.022100 49.300000
149.000000 49.282259
148.958937 49.250000
148.950000 49.243055
148.900000 49.204994
148.893302 49.200000
148.850000 49.168069
148.824902 49.150000
148.800000 49.132271
148.753582 49.100000
148.750000 49.097537
148.700000 49.063764
148.679161 49.050000
148.650000 49.030906
148.601745 49.000000
148.600000 48.998891
148.550000 48.967605
148.521289 48.950000
148.500000 48.937016
148.450000 48.907045
148.438065 48.900000
148.400000 48.877611
148.352263 48.850000
148.350000 48.848694
148.300000 48.820173
148.264146 48.800000
148.250000 48.792048
148.200000 48.764216
148.174220 48.750000
148.150000 48.736636
148.100000 48.709242
148.083045 48.700000
148.050000 48.681953
148.000000 48.654751
147.991256 48.650000
147.950000 48.627520
147.900000 48.600305
147.899440 48.600000
147.850000 48.572972
147.807986 48.550000
147.800000 48.545619
147.750000 48.518175
147.716859 48.500000
147.700000 48.490735
147.650000 48.463320
147.625596 48.450000
147.600000 48.436026
147.550000 48.408947
147.533309 48.400000
147.500000 48.382185
147.450000 48.355859
147.438676 48.350000
147.400000 48.330079
147.350000 48.304945
147.339909 48.300000
147.300000 48.280559
147.250000 48.256983
147.234684 48.250000
147.200000 48.234286
147.150000 48.212506
147.120059 48.200000
147.100000 48.191665
147.050000 48.171779
147.000000 48.152847
146.992107 48.150000
146.950000 48.134843
146.900000 48.117765
146.850000 48.101594
146.844796 48.100000
146.800000 48.086247
146.750000 48.071731
146.700000 48.058009
146.669130 48.050000
146.650000 48.045001
146.600000 48.032629
146.550000 48.020885
146.500000 48.009706
146.454561 48.000000
146.450000 47.999013
146.400000 47.988635
146.350000 47.978593
146.300000 47.968808
146.250000 47.959194
146.201714 47.950000
146.200000 47.949667
146.150000 47.940011
146.100000 47.930273
146.050000 47.920376
146.000000 47.910247
145.950858 47.900000
145.950000 47.899817
145.900000 47.888869
145.850000 47.877511
145.800000 47.865705
145.750000 47.853425
145.736491 47.850000
145.700000 47.840561
145.650000 47.827194
145.600000 47.813385
145.552901 47.800000
145.550000 47.799166
145.500000 47.784566
145.450000 47.769715
145.400000 47.754686
145.384479 47.750000
145.350000 47.739622
145.300000 47.724605
145.250000 47.709688
145.217172 47.700000
145.200000 47.695001
145.150000 47.680680
145.100000 47.666653
145.050000 47.652952
145.038982 47.650000
145.000000 47.639769
144.950000 47.626991
144.900000 47.614573
144.850000 47.602511
144.839314 47.600000
144.800000 47.590951
144.750000 47.579771
144.700000 47.568932
144.650000 47.558443
144.608339 47.550000
144.600000 47.548338
144.550000 47.538709
144.500000 47.529465
144.450000 47.520632
144.400000 47.512230
144.350000 47.504279
144.321465 47.500000
144.300000 47.496810
144.250000 47.489820
144.200000 47.483268
144.150000 47.477136
144.100000 47.471390
144.050000 47.465990
144.000000 47.460885
143.950000 47.456019
143.900000 47.451334
143.885388 47.450000
143.850000 47.446762
143.800000 47.442247
143.750000 47.437737
143.700000 47.433186
143.650000 47.428553
143.600000 47.423806
143.550000 47.418916
143.500000 47.413860
143.450000 47.408620
143.400000 47.403179
143.371885 47.400000
143.350000 47.397506
143.300000 47.391577
143.250000 47.385397
143.200000 47.378948
143.150000 47.372212
143.100000 47.365167
143.050000 47.357791
143.000000 47.350062
142.999619 47.350000
142.950000 47.341903
142.900000 47.333347
142.850000 47.324375
142.800000 47.314968
142.750000 47.305112
142.725207 47.300000
142.700000 47.294766
142.650000 47.283927
142.600000 47.272624
142.550000 47.260859
142.505555 47.250000
142.500000 47.248635
142.450000 47.235922
142.400000 47.222796
142.350000 47.209279
142.316572 47.200000
142.300000 47.195385
142.250000 47.181134
142.200000 47.166602
142.150000 47.151828
142.143903 47.150000
142.100000 47.136824
142.050000 47.121674
142.000000 47.106429
141.979002 47.100000
141.950000 47.091123
141.900000 47.075816
141.850000 47.060568
141.815135 47.050000
141.800000 47.045419
141.750000 47.030417
141.700000 47.015614
141.650000 47.001051
141.646330 47.000000
141.600000 46.986760
141.550000 46.972785
141.500000 46.959153
141.465519 46.950000
141.450000 46.945890
141.400000 46.933022
141.350000 46.920566
141.300000 46.908536
141.263213 46.900000
141.250000 46.896940
141.200000 46.885790
141.150000 46.875086
141.100000 46.864825
141.050000 46.854999
141.023400 46.850000
141.000000 46.845605
140.950000 46.836634
140.900000 46.828067
140.850000 46.819886
140.800000 46.812070
140.750000 46.804596
140.717858 46.800000
140.700000 46.797443
140.650000 46.790588
140.600000 46.783995
140.550000 46.777634
140.500000 46.771471
140.450000 46.765471
140.400000 46.759600
140.350000 46.753820
140.316584 46.750000
140.300000 46.748098
140.250000 46.742404
140.200000 46.736689
140.150000 46.730915
140.100000 46.725045
140.050000 46.719040
140.000000 46.712865
139.950000 46.706484
139.901028 46.700000
139.900000 46.699864
139.850000 46.693001
139.800000 46.685844
139.750000 46.678368
139.700000 46.670552
139.650000 46.662379
139.600000 46.653834
139.578448 46.650000
139.550000 46.644935
139.500000 46.635679
139.450000 46.626049
139.400000 46.616051
139.350000 46.605698
139.323293 46.600000
139.300000 46.595039
139.250000 46.584106
139.200000 46.572894
139.150000 46.561437
139.100977 46.550000
139.100000 46.549773
139.050000 46.538020
139.000000 46.526150
138.950000 46.514208
138.900000 46.502241
138.890611 46.500000
138.850000 46.490369
138.800000 46.478591
138.750000 46.466938
138.700000 46.455459
138.675768 46.450000
138.650000 46.444240
138.600000 46.433323
138.550000 46.422709
138.500000 46.412434
138.450000 46.402533
138.436684 46.400000
138.400000 46.393080
138.350000 46.384068
138.300000 46.375501
138.250000 46.367394
138.200000 46.359760
138.150000 46.352605
138.130494 46.350000
138.100000 46.345954
138.050000 46.339793
138.000000 46.334103
137.950000 46.328874
137.900000 46.324095
137.850000 46.319748
137.800000 46.315816
137.750000 46.312275
137.700000 46.309101
137.650000 46.306268
137.600000 46.303747
137.550000 46.301506
137.512181 46.300000
137.500000 46.299514
137.450000 46.297738
137.400000 46.296140
137.350000 46.294688
137.300000 46.293345
137.250000 46.292074
137.200000 46.290840
137.150000 46.289605
137.100000 46.288332
137.050000 46.286985
137.000000 46.285525
136.950000 46.283918
136.900000 46.282125
136.850000 46.280110
136.800000 46.277838
136.750000 46.275271
136.700000 46.272376
136.650000 46.269116
136.600000 46.265457
136.550000 46.261365
136.500000 46.256807
136.450000 46.251748
136.434259 46.250000
136.400000 46.246116
136.350000 46.239891
136.300000 46.233061
136.250000 46.225596
136.200000 46.217466
136.150000 46.208643
136.104670 46.200000
136.100000 46.199087
136.050000 46.188653
136.000000 46.177435
135.950000 46.165408
135.900000 46.152551
135.890606 46.150000
135.850000 46.138670
135.800000 46.123865
135.761788 46.111788
